%YAML:1.0
---
aruco_bc_dict: ARUCO_MIP_36h12
aruco_bc_nmarkers: 2
aruco_bc_mInfoType: 0
aruco_bc_markers:
   - { id:166, corners:[ [ -250., 250., 0. ], [ 250., 250., 0. ], [ 250., -250.,
       0. ], [ -250., -250., 0. ] ] }
   - { id:163, corners:[ [ 0., 48.31, 0. ], [ 48.31, 0., 0. ], [ 0., -48.31,
       0. ], [ -48.31, -0., 0. ] ] }